Inzamam ul_Haq 375 348 52 11701 137 39.53 10 83
Mohammad Yousuf 281 267 40 9554 141 42.08 15 62
Saeed Anwar 247 244 19 8824 194 39.21 20 43
Shahid Afridi 393 364 27 8027 124 23.81 6 39
Javed Miandad 233 218 41 7381 119 41.7 8 50
Younis Khan 265 255 23 7249 144 31.24 7 48
Saleem Malik 283 256 38 7170 102 32.88 5 47
Ijaz Ahmed 250 232 29 6564 139 32.33 10 37
Shoaib Malik 240 217 32 6410 143 34.64 8 38
Rameez Raja 198 197 15 5841 119 32.09 9 31
Mohammad Hafeez 177 177 10 5404 140  32.35 11 28
Misbah ul_Haq 162 149 31 5122 96 43.4 0 42
Abdul Razzaq 261 225 57 5031 112 29.94 3 23
Aamer Sohail 156 155 5 4780 134 31.86 5 31
Wasim Akram 356 280 55 3717 86 16.52 0 6
Imran Khan 175 151 40 3709 102 33.41 1 19
Moin Khan 219 183 41 3266 72 23 0 12
Kamran Akmal 154 135 14 3168 124 26.18 5 10
Umar Akmal 111 100 16 2913 102 34.67 2 20
