978 0
18887 0
22050 0
12304 0
6199 0
25890 0
30896 0
28614 0
21303 0
29944 0
30953 0
2351 0
15614 0
2263 0
28653 0
6522 0
1108 1
16760 0
13414 0
12861 0
29633 0
334 0
6343 1
11950 0
16885 0
2911 0
24274 0
26901 0
16742 0
1107 0
1117 1
25729 0
13115 0
2506 0
19797 0
16058 0
16745 0
21491 0
12035 0
32376 0
25628 0
5467 1
142 0
4562 0
13912 0
3330 0
5314 0
4345 1
32224 0
32436 0
8463 0
6438 0
27223 0
1430 1
5589 0
21457 0
20389 0
29952 0
19423 0
32292 0
24476 0
15242 0
11053 0
1199 1
9948 1
31850 0
12022 0
1885 1
20723 0
21245 0
27373 0
22951 0
30665 0
29859 0
30148 0
21255 0
572 0
9424 0
23790 0
944 0
22023 0
12128 0
1450 1
8572 1
24808 0
23851 0
7997 1
16678 0
15618 0
5850 1
2686 1
12217 0
29824 0
10745 0
23192 0
72 0
10363 0
25677 0
21260 0
8672 0
